ALL FEATURES

32	0	0	0	0	0	1	0	0	0	0	0	0	0	0	0	1	0.25	1	2.5	1	105	1	1.05	1	100	0	0	0
32	0	0	0	0	0	0	0	0	0	0	0	0	0	0	0	1	0.64	1	1.7	1	102	1	0.76	1	134	0	1	0
87	0	0	0	0	0	0	0	0	0	0	0	0	0	0	0	1	0.15	1	1.7	1	162	1	0.87	1	186	0	3	1
64	1	0	0	0	0	0	0	0	0	0	0	0	0	0	0	1	1	1	0.7	1	91	1	0.83	1	110	0	3	1
65	0	0	0	0	1	0	0	0	0	1	0	0	0	0	0	1	0.025	1	3.9	1	133	1	1.23	1	108	0	4	0


REDUCE FEATURES

32	0	0	0	2.5	105	1.05	0	0
32	0	0	0	1.7	102	0.76	1	0
87	0	0	0	1.7	162	0.87	3	1
64	0	0	0	0.7	91	0.83	3	1
65	0	0	1	3.9	133	1.23	4	0
57	0	0	0	2	87	0.84	1	0
54	0	0	0	0.7	76	0.72	1	1
